[0] -> NULL
[1] -> 1208203442
[2] -> 1097519727
[3] -> NULL
[4] -> 1222968827
[5] -> 1159783908
[6] -> 1209317610
[7] -> 1234282024
[8] -> NULL
[9] -> 1208365371
[10] -> 1181748788
[11] -> 1172062262
[12] -> 1190895543
[13] -> 1207044849
[14] -> 1228238298
[15] -> 1159811618
[16] -> NULL
[17] -> 1191232454
[18] -> 1159816525
[19] -> 1159783271
[20] -> 1098112499
[21] -> 1190197559
[22] -> 1223399078
[23] -> 1190277232
[24] -> 1097694186
[25] -> 1218047034
[26] -> 1097732790
[27] -> 1068559228
[28] -> 1161185426
[29] -> 1160643992
[30] -> 1210510625
[31] -> NULL
[32] -> 1217017485
[33] -> 1229425380
[34] -> 1191339364
[35] -> 1159783602
[36] -> 1159783613
[37] -> 1204628410
[38] -> 1097846954
[39] -> 1224259473
[40] -> 1157584091
[41] -> 1192528034
[42] -> 1097753408
[43] -> 1159819476
[44] -> NULL
[45] -> 1166110380
[46] -> 1065687581
[47] -> NULL
[48] -> 1202808359
[49] -> 1159782626
[50] -> 1065688298
[51] -> 1203421226
[52] -> 1160471760
[53] -> 1159782851
[54] -> 1196628910
[55] -> 1097775539
[56] -> 1200316169
[57] -> 1097599654
[58] -> 1098447444
[59] -> 1159783570
[60] -> 1259782626
[61] -> 1233687521
[62] -> 1168939295
[63] -> 1223212404
[64] -> 1128546803
[65] -> 1222168681
[66] -> 1159785181
[67] -> 1097672360
[68] -> 1231170116
[69] -> 1097775985
[70] -> 1161044277
[71] -> 1203544976
[72] -> 1159782803
[73] -> 1196612455
[74] -> 1190104746
[75] -> 1190050923
[76] -> 1097601437
[77] -> 1160991177
[78] -> NULL
DATA: ------------
2
22
5
7
8
7
11
3
17
1
12
22
5
24
5
21
27
3
24
11
31
2
18
1
1
3
10
1
13
1
2
7
2
7
1
4
1
1
1
1
29
12
1
1
1
9
1
21
12
1
1
1
1
1
1
1
1
1
1
1
1
1
1
1
1
1
1
1
1
1
1
