[0] -> NULL
[1] -> 1097753408
[2] -> 1231170116
[3] -> 1209317610
[4] -> NULL
[5] -> 1128546803
[6] -> 1224259473
[7] -> 1097775539
[8] -> NULL
[9] -> 1191232454
[10] -> 1097846954
[11] -> 1233687521
[12] -> 1160471760
[13] -> 1234282024
[14] -> 1097672360
[15] -> 1223399078
[16] -> 1166110380
[17] -> 1204628410
[18] -> 1097732790
[19] -> 1159785181
[20] -> 1159782626
[21] -> 1259782626
[22] -> NULL
[23] -> 1190050923
[24] -> 1097694186
[25] -> 1159811618
[26] -> 1065688298
[27] -> 1097601437
[28] -> 1168939295
[29] -> 1159783271
[30] -> 1160643992
[31] -> 1201176853
[32] -> 1196628910
[33] -> 1228238298
[34] -> 1200316169
[35] -> 1190895543
[36] -> 1065687581
[37] -> 1208365371
[38] -> NULL
[39] -> 1068559228
[40] -> 1159783908
[41] -> 1217017485
[42] -> 1222168681
[43] -> 1161185426
[44] -> 1207044849
[45] -> 1208203442
[46] -> NULL
[47] -> 1159783602
[48] -> 1203421226
[49] -> 1098112499
[50] -> 1172062262
[51] -> 1218047034
[52] -> 1159782851
[53] -> 1196612455
[54] -> 1161044277
[55] -> 1208548341
[56] -> 1181748788
[57] -> 1229425380
[58] -> 1223212404
[59] -> 1210510625
[60] -> 1097599654
[61] -> 1191339364
[62] -> 1157584091
[63] -> 1097775985
[64] -> 1159816525
[65] -> 1223033862
[66] -> 1098447444
[67] -> 1159783570
[68] -> 1190197559
[69] -> 1192528034
[70] -> 1190104746
[71] -> 1159782803
[72] -> 1159819476
[73] -> 1097519727
[74] -> 1219046550
[75] -> 1202808359
[76] -> 1201766862
[77] -> 1222968827
[78] -> 1203544976
[79] -> 1190277232
DATA: ------------
30
5
10
12
2
1
2
8
24
1
15
3
8
4
3
1
4
9
20
1
21
6
2
26
8
31
13
5
4
34
1
27
1
1
3
1
4
1
1
6
1
23
1
4
1
3
1
1
1
1
1
1
2
1
4
1
1
13
1
1
1
12
1
1
1
1
1
1
1
1
1
1
1
1
1
1
1
1
1
