[0] -> 1208548341
[1] -> 1097753408
[2] -> 1159783613
[3] -> 1209317610
[4] -> 1068559228
[5] -> 1097519727
[6] -> 1159783271
[7] -> 1190050923
[8] -> 1191232454
[9] -> 1234282024
[10] -> 1097846954
[11] -> 1233687521
[12] -> 1201176853
[13] -> 1201766862
[14] -> 1097672360
[15] -> 1208203442
[16] -> 1166110380
[17] -> 1204628410
[18] -> 1097732790
[19] -> 1223399078
[20] -> 1159782626
[21] -> 1259782626
[22] -> 1159785181
[23] -> 1223033862
[24] -> 1097694186
[25] -> 1232466316
[26] -> 1065688298
[27] -> 1097601437
[28] -> 1128546803
[29] -> 1097775539
[30] -> 1160643992
[31] -> 1181748788
[32] -> 1196628910
[33] -> 1218530477
[34] -> 1200316169
[35] -> 1219046550
[36] -> 1065687581
[37] -> 1222283154
[38] -> NULL
[39] -> 1190277232
[40] -> 1159783908
[41] -> 1217017485
[42] -> 1222168681
[43] -> 1161185426
[44] -> 1207044849
[45] -> 1210510625
[46] -> 1168939295
[47] -> 1159783602
[48] -> 1160991177
[49] -> 1098112499
[50] -> 1172062262
[51] -> 1218047034
[52] -> 1159782803
[53] -> 1159782851
[54] -> 1161044277
[55] -> 1160471760
[56] -> 1228238298
[57] -> 1222968827
[58] -> 1223212404
[59] -> 1229425380
[60] -> 1097599654
[61] -> 1191339364
[62] -> 1157584091
[63] -> 1097775985
[64] -> 1159816525
[65] -> 1224259473
[66] -> 1098447444
[67] -> 1159783570
[68] -> 1196612455
[69] -> 1190197559
[70] -> 1190104746
[71] -> 1231170116
[72] -> 1159819476
[73] -> 1192528034
[74] -> 1203421226
[75] -> 1202808359
[76] -> 1190895543
[77] -> 1208365371
[78] -> 1203544976
[79] -> 1159811618
DATA: ------------
67
46
35
7
21
18
6
8
21
1
11
31
1
9
28
2
4
2
8
1
6
19
5
6
1
7
6
5
4
2
1
2
1
1
2
4
6
1
2
3
1
4
1
2
1
2
1
1
1
1
1
1
2
1
1
1
1
4
1
1
1
2
1
1
1
1
1
1
1
1
1
1
1
1
1
1
1
1
1
